31,5
31,4
31,3
31,2
31,1
31,0
30,5
30,4
30,3
30,2
30,1
30,0
29,5
29,4
29,3
29,2
29,1
29,0
28,5
28,4
28,3
28,2
28,1
28,0
27,4
27,3
27,2
27,1
27,0
26,5
26,4
26,3
26,2
26,1
26,0
25,3
25,2
25,1
25,0
24,5
24,4
24,3
24,2
24,1
24,0
23,3
23,2
23,1
23,0
4,3
4,2
4,1
4,0
3,6
3,5
3,4
3,3
3,2
3,1
3,0
2,2
2,1
2,3
2,0
1,2
1,1
1,0
0,322
0,243
0,1
0,0
1,3
0,9
0,310
0,305
0,308
0,304
0,303
0,302
0,307
0,12
0,10
0,8
0,300
0,299
0,298
0,297
0,296
0,295
0,294
0,293
0,292
0,291
0,290
0,289
0,288
0,287
0,286
0,285
0,284
0,283
0,282
0,281
0,280
0,279
0,399
0,278
0,398
0,277
0,400
0,276
0,396
0,275
0,395
0,274
0,397
0,273
0,394
0,272
0,393
0,271
0,270
0,392
0,269
0,391
0,268
0,267
0,389
0,266
0,388
0,265
0,390
0,264
0,386
0,263
0,385
0,262
0,387
0,261
0,383
0,260
0,382
0,259
0,384
0,258
0,380
0,257
0,379
0,256
0,381
0,255
0,377
0,254
0,376
0,253
0,378
0,252
0,251
0,250
0,249
0,248
0,375
0,247
0,373
0,246
0,372
0,245
0,374
0,244
0,371
0,242
0,370
0,241
0,369
0,240
0,368
0,239
0,367
0,238
0,366
0,237
0,236
0,365
0,235
0,364
0,234
0,363
0,233
0,232
0,361
0,231
0,360
0,230
0,362
0,229
0,359
0,228
0,358
0,227
0,357
0,226
0,356
0,225
0,355
0,224
0,354
0,223
0,222
0,353
0,221
0,352
0,220
0,351
0,219
0,218
0,349
0,217
0,348
0,216
0,350
0,215
0,347
0,214
0,346
0,213
0,345
0,212
0,344
0,211
0,343
0,210
0,342
0,209
0,208
0,341
0,207
0,340
0,206
0,339
0,205
0,204
0,337
0,203
0,336
0,202
0,338
0,201
0,335
0,200
0,334
0,199
0,333
0,198
0,332
0,197
0,331
0,196
0,330
0,195
0,194
0,329
0,193
0,328
0,192
0,327
0,63
0,62
0,326
0,61
0,325
0,60
0,324
0,59
0,323
0,58
0,321
0,57
0,320
0,56
0,319
0,55
0,318
0,54
0,317
0,53
0,316
0,52
0,315
0,51
0,314
0,50
0,313
0,49
0,312
0,48
0,311
0,47
0,309
0,46
0,306
0,45
0,301
0,6
0,5
0,11
0,4
0,2
0,3
0,7
